name     |center       | direction | radius/angel   |color
sphere    (0 0 0)            130               0xff0000
plane    (0 -400 0)     (0 1 0)                       0xffffff
plane    (0 0 -500)     (0 0 1)                       0xffffff

polygon        (400 -100 0) (700 -100 0)  (700 -400 0)      0xff0000
polygon        (400 -100 0) (400 -400 0)  (700 -400 0)      0xff0000

polygon        (400 -100 0) (700 -100 0)  (700 -100 -300)      0xff0000
polygon        (400 -100 0) (400 -100 -300) (700 -100 -300)      0xff0000

	
polygon        (400 -100 0) (400 -400 0)  (400 -400 -300)      0xff0000
polygon        (400 -100 0) (400 -100 -300)  (400 -400 -300)      0xff0000

	
light    (1000 0 1000)                                0xffffff
ray      (0 0 1000)  


---front left
polygon        (-900 600 0)  (-50 -400 300)  (050 -400 300)        0xff0000
polygon        (-900 600 0)  (050 -400 300)  (150 -400 250)        0xff0000
polygon        (-900 600 0)  (150 -400 250)  (250 -400 150)        0xff0000
polygon        (-900 600 0)  (250 -400 150)  (300 -400 050)        0xff0000
polygon        (-900 600 0)  (300 -400 050)  (300 -400 -050)        0xff0000

---front right
polygon        (-900 600 0)  (-050 -400 300)  (-150 -400 250)       0xff0000
polygon        (-900 600 0)  (-150 -400 250)  (-250 -400 150)       0xff0000
polygon        (-900 600 0)  (-250 -400 150)  (-300 -400 050)       0xff0000

---back left
polygon        (-900 600 0)  (-50 -400 -300)  (050 -400 -300)       0xff0000
polygon        (-900 600 0)  (050 -400 -300)  (150 -400 -250)       0xff0000
polygon        (-900 600 0)  (150 -400 -250)  (250 -400 -150)       0xff0000
polygon        (-900 600 0)  (250 -400 -150)  (300 -400 -050)       0xff0000

---back right
polygon        (-900 600 0)  (-050 -400 -300)  (-150 -400 -250)      0xff0000
polygon        (-900 600 0)  (-150 -400 -250)  (-250 -400 -150)      0xff0000
polygon        (-900 600 0)  (-250 -400 -150)  (-300 -400 -050)      0xff0000


